10100000000000000000000011000000
01010000000000000000100000000000
00101000000000000000000000000100
00010100000000000000000000000000
00001010000000000000000000000000	 
00000101000000000000001000111000
01100000000110000000000000000000
00000110000000010000110000001110
00000000110000000000000000000000
00000000000000001100001010000000
00000000000000000000000000000000
00000000000000000000000000000000
00000000000000000000000000000000
00000000000000000000000000000000
00000000000000000000000000000000
00000000000000000000000000000000
00000000000000000000000000000000
00000000000000000000000000000000
00000000000000000000000000000000
00000000000000000000000000000000
00000000000000000000000000000000
00000000000000000000000000000000
00000000000000000000000000000000
00000000000000000100001000000000
00000000000000000000000000000000
00000000000000000000000000000000
00000000000000000000000000000000
00000000000000000000000000000000
00000000000000000000000001100000
00000000000000000000000000001100
00010000011000000000000000000000
00000010001000000010001000000000